0
0
0
0
0
0
0
0
0
0
0
0
0
0
3
1
3
3
0
7
148
428
473
513
594
585
599
589
590
588
585
580
619
653
637
657
766
763
861
936
1023
1066
1042
1093
1109
1052
1029
1017
909
901
907
860
801
789
720
745
710
697
692
712
714
701
701
711
722
730
726
694
707
769
733
713
702
778
739
777
751
795
767
749
807
822
786
782
822
831
818
860
842
839
797
876
849
893
854
852
918
878
846
867
880
913
864
895
886
840
889
900
857
881
896
844
850
828
907
867
900
871
843
915
902
917
987
972
948
1013
1030
1060
1048
1099
1134
1162
1148
1104
1201
1162
1193
1138
1208
1187
1170
1198
1200
1192
1124
1125
1176
1147
1061
1071
1127
1019
1027
1072
1011
1014
1002
957
961
957
981
937
859
952
1001
915
907
836
803
837
832
812
831
788
815
773
757
831
765
731
757
746
720
700
718
707
707
667
639
711
635
718
636
690
634
659
615
654
643
598
638
599
653
601
570
530
581
496
509
526
573
511
559
564
522
521
552
520
473
488
487
526
480
508
441
483
423
444
449
478
447
436
456
427
467
392
399
432
420
408
415
401
415
410
392
409
438
373
404
386
398
391
399
395
407
382
379
359
368
356
398
354
353
370
376
355
366
313
417
335
370
353
328
330
373
327
356
351
353
329
366
357
318
345
338
359
351
360
349
358
326
378
316
347
332
355
339
328
337
334
334
360
336
349
356
341
346
317
336
312
326
338
357
339
318
340
344
334
305
336
319
316
323
322
309
328
321
360
322
274
316
302
316
326
276
319
303
298
312
304
315
311
304
301
335
277
340
316
306
290
310
278
333
284
302
321
286
296
301
343
323
302
315
309
293
302
319
318
310
308
294
329
324
277
299
325
288
310
285
299
313
299
281
290
271
316
324
325
307
292
311
294
319
311
298
299
285
312
322
305
332
279
282
288
311
290
324
325
309
302
295
290
277
308
293
299
292
294
293
309
314
366
284
302
312
300
331
315
301
316
331
305
305
317
301
306
318
314
314
310
317
342
305
319
317
291
313
329
325
309
293
321
308
291
335
349
337
316
324
313
330
325
338
304
313
319
346
324
346
344
298
355
295
343
360
366
332
357
368
333
344
347
319
348
322
348
316
388
382
355
358
332
370
393
378
325
313
359
356
371
362
365
352
355
394
389
366
363
404
369
379
384
372
372
381
350
375
370
372
411
379
388
372
363
383
367
392
372
369
370
378
377
390
377
357
377
390
368
376
348
337
385
331
370
369
386
374
364
350
333
339
395
341
352
328
384
312
329
335
333
303
335
306
350
347
338
304
291
305
284
292
305
271
284
311
262
248
250
256
278
267
257
238
242
271
282
278
274
266
262
270
258
273
233
228
239
241
234
244
248
266
242
257
241
228
247
236
225
239
230
222
279
227
257
209
222
235
220
223
265
202
248
234
185
206
217
220
231
206
231
224
228
224
222
219
222
238
257
221
205
219
264
244
250
243
271
264
276
284
272
280
284
288
302
308
331
338
333
326
340
378
377
413
384
441
448
439
431
463
489
528
515
534
548
545
525
567
521
581
579
592
563
565
611
675
616
589
605
541
564
578
535
545
565
497
511
487
463
490
459
436
415
363
393
339
337
319
319
297
292
249
264
234
238
220
191
163
177
183
166
186
134
143
137
156
127
143
153
125
140
140
138
157
174
167
155
187
168
210
177
216
228
197
233
247
216
273
269
292
268
318
305
314
326
370
379
353
359
376
390
409
404
450
437
431
434
444
418
470
425
417
451
451
486
436
388
434
429
408
419
422
391
370
373
335
381
317
325
308
307
272
292
283
287
225
214
201
172
155
159
176
145
153
110
121
99
92
96
90
73
78
56
80
52
54
47
43
36
44
25
37
24
15
21
15
19
9
14
15
6
5
10
9
7
9
4
9
3
11
4
5
5
6
6
4
6
4
5
4
4
5
4
3
3
2
5
2
2
2
6
0
3
4
1
2
4
3
2
4
0
3
2
1
0
4
0
1
2
3
1
3
2
3
4
2
2
0
1
4
2
2
2
2
3
0
4
2
3
1
1
2
0
0
3
1
2
2
0
2
0
0
1
4
2
0
6
4
1
2
0
2
1
1
5
1
1
2
1
2
3
2
3
2
4
1
1
1
1
0
1
1
1
1
0
1
0
1
0
4
2
3
0
1
1
1
2
0
1
0
1
1
0
1
1
1
2
2
1
1
1
3
1
2
1
0
4
2
0
1
0
0
1
1
3
3
0
1
0
2
1
3
0
1
2
2
4
1
1
3
2
2
1
0
0
1
0
2
1
1
1
2
3
1
1
2
0
2
1
0
1
0
1
0
0
