0
0
0
0
0
0
0
0
0
0
0
1
1
0
3
2
7
4
4
26
280
482
633
688
694
708
754
668
761
771
740
688
752
792
826
861
869
934
1021
1061
1215
1261
1332
1298
1349
1344
1235
1253
1128
1194
1042
1055
1050
916
942
893
936
875
824
883
799
808
802
834
774
802
838
906
853
870
894
922
881
922
899
865
925
961
932
903
968
1003
983
936
1013
1024
1022
986
1078
1037
998
1027
997
1035
1094
1049
1136
1088
1067
1069
1154
1078
1038
1112
1094
1080
1049
1118
1076
1136
1169
1141
1129
1161
1206
1227
1204
1263
1205
1233
1227
1230
1213
1260
1228
1360
1323
1342
1364
1361
1365
1389
1431
1375
1464
1448
1434
1465
1402
1413
1385
1460
1406
1409
1374
1357
1296
1354
1298
1264
1246
1298
1235
1221
1199
1231
1206
1123
1125
1159
1117
1151
1051
1096
1075
1070
1027
1038
964
1053
1015
953
955
953
925
955
957
889
950
870
833
915
847
869
829
853
833
815
820
830
860
822
749
822
738
787
787
789
772
767
762
788
685
711
672
709
680
635
688
686
689
678
662
659
663
585
661
667
650
633
572
622
611
625
598
572
553
593
559
584
573
582
590
556
562
607
555
577
537
543
550
554
549
533
571
508
554
513
581
516
489
494
516
470
455
493
482
507
480
507
496
488
491
511
491
476
493
469
505
507
513
459
482
462
475
449
472
461
443
430
462
399
455
454
440
437
422
412
414
394
411
436
430
406
374
376
351
395
380
365
393
409
376
398
393
372
368
375
372
355
354
383
355
351
352
371
388
356
341
361
352
338
340
353
319
342
316
350
356
344
373
333
331
330
342
353
302
349
347
339
308
330
303
314
328
328
304
328
337
333
323
308
348
306
333
285
311
350
300
295
355
351
331
352
333
323
362
334
329
376
417
367
380
364
404
424
457
357
451
436
465
422
466
505
545
539
562
564
601
627
620
617
671
671
708
712
759
798
760
783
807
773
844
768
780
792
815
790
792
752
788
761
717
752
686
712
650
618
580
631
600
574
516
529
484
459
467
384
442
379
369
352
382
367
312
321
296
334
319
364
324
324
300
293
325
332
287
328
310
318
330
312
291
344
283
314
338
322
316
308
310
323
327
306
315
316
332
309
337
332
338
346
331
320
327
322
312
334
349
350
361
321
345
339
342
339
358
357
342
340
320
346
341
316
345
353
357
322
347
371
341
360
378
357
354
382
359
368
376
358
348
360
364
360
387
362
373
363
377
341
384
363
357
421
357
367
386
367
392
406
372
409
369
363
377
370
387
366
399
371
372
372
338
372
358
365
368
398
380
363
369
376
367
321
353
353
349
351
351
342
333
321
328
330
356
308
327
335
319
307
317
276
313
328
266
280
276
273
259
287
252
261
284
265
268
294
251
280
251
249
263
270
264
254
273
265
251
248
255
244
221
245
253
232
224
266
235
240
249
216
246
222
260
249
240
237
219
282
209
223
231
235
215
220
202
213
225
206
226
234
218
222
227
219
239
212
216
197
230
215
234
249
183
245
247
251
224
235
238
238
220
232
272
250
268
277
255
302
292
325
291
307
289
349
335
361
304
392
354
378
410
406
381
439
412
468
422
499
463
529
513
575
576
548
536
624
608
571
588
618
589
580
585
588
563
602
543
555
573
533
518
510
535
500
468
478
464
465
434
392
363
361
335
356
295
277
291
262
272
232
245
213
202
186
156
196
160
179
124
144
128
134
136
150
126
123
131
148
148
137
138
141
146
152
166
149
192
159
204
214
188
230
225
226
245
236
244
324
318
320
323
312
361
340
348
363
372
410
379
419
421
411
439
455
436
464
430
440
455
398
464
456
480
439
452
472
393
386
419
388
362
381
353
377
367
311
312
290
291
297
244
242
212
212
215
192
152
174
165
137
112
106
117
120
79
79
57
71
70
56
51
50
38
41
31
37
19
28
17
22
15
16
18
15
13
10
10
7
5
10
8
6
8
5
3
4
3
4
4
5
3
3
5
5
3
1
3
2
5
5
2
4
5
2
2
4
8
2
4
1
2
3
7
3
7
4
1
2
1
3
2
1
5
3
4
3
1
2
1
5
3
3
0
3
1
2
0
2
2
0
2
2
1
2
1
1
1
4
3
2
2
2
1
0
1
0
1
4
1
1
3
0
0
1
2
3
5
4
3
3
0
1
0
1
2
3
1
2
3
1
2
1
5
0
1
1
3
0
2
2
0
1
2
1
1
2
0
2
0
0
2
1
0
1
2
1
1
1
0
1
1
1
0
2
4
2
0
1
1
1
1
1
1
1
1
0
1
0
2
2
0
3
4
1
1
2
1
1
1
1
1
1
3
2
2
1
3
1
4
1
0
4
0
0
1
1
3
3
2
0
1
1
0
0
