0
0
0
0
0
0
0
0
0
0
0
0
0
0
0
0
1
0
0
12
67
117
152
153
177
162
175
200
179
178
166
187
180
169
218
200
209
245
249
229
322
299
344
328
332
367
304
338
312
286
290
272
258
228
255
253
265
223
225
210
238
228
214
202
209
229
227
238
236
247
227
238
259
247
219
249
247
267
283
246
249
256
249
260
275
239
237
261
246
231
255
243
269
265
262
292
273
269
263
267
273
291
262
260
278
283
301
262
280
276
284
322
337
318
318
362
328
331
337
398
369
347
354
385
350
356
344
321
311
322
331
315
319
310
292
287
331
292
286
296
257
281
253
246
295
294
276
239
210
246
224
255
247
212
212
204
214
215
185
197
193
194
187
194
179
164
168
162
175
159
186
183
154
144
161
168
154
158
145
152
162
151
153
152
136
146
148
133
151
124
122
128
114
119
127
118
126
145
125
109
126
136
123
124
134
154
132
117
119
138
135
108
136
119
113
130
91
120
124
128
115
114
129
111
123
119
120
117
133
111
120
127
97
120
114
116
123
133
105
112
114
112
109
135
123
111
117
121
112
96
138
130
114
119
108
104
121
118
109
100
122
130
138
109
103
118
89
124
102
112
90
104
139
102
100
123
109
117
101
97
82
99
89
70
94
82
90
85
72
62
58
68
78
58
62
57
44
59
65
62
52
46
46
56
40
36
29
55
40
33
42
37
32
32
40
32
28
29
31
29
26
18
28
30
24
28
29
32
31
21
12
21
19
25
26
24
28
23
24
17
25
18
23
18
21
17
21
23
21
21
26
22
21
25
13
24
28
26
28
24
34
31
33
45
33
38
32
56
76
54
51
69
56
78
69
86
105
126
99
115
133
140
179
172
193
179
222
250
276
289
261
294
289
364
383
356
373
433
458
446
463
413
446
441
426
434
456
455
451
441
426
419
355
351
340
307
300
274
261
250
261
228
184
186
187
145
122
126
118
90
68
70
76
55
47
41
27
27
29
27
15
19
11
17
10
3
11
12
8
8
3
2
5
9
8
6
2
3
2
1
2
0
3
5
4
2
5
3
2
3
6
2
6
3
4
3
2
4
1
5
3
4
6
7
4
6
6
3
3
3
3
2
4
5
2
7
7
1
4
3
3
2
3
3
4
1
2
2
4
4
3
4
2
6
3
3
5
2
1
4
5
5
5
0
1
3
6
6
2
4
8
1
2
6
4
5
3
4
5
4
5
4
5
6
2
4
1
2
2
2
7
6
6
1
4
3
5
6
3
0
3
7
7
3
4
2
2
1
2
2
3
1
1
3
4
4
3
1
2
2
3
0
1
3
1
2
1
0
0
2
5
0
2
3
4
2
5
4
0
2
3
2
3
3
3
3
2
3
6
2
2
4
2
2
4
4
1
0
5
3
2
4
1
3
3
1
3
4
2
2
3
3
4
3
3
3
1
1
1
2
2
2
1
2
6
4
3
1
1
3
1
0
3
5
7
0
1
3
2
3
2
2
2
0
4
1
3
2
0
1
4
3
2
3
0
3
1
3
3
1
2
3
2
2
4
6
1
3
0
2
4
1
4
4
3
4
3
1
0
0
2
0
2
3
1
3
2
4
2
2
2
1
2
3
2
0
1
4
2
1
4
1
2
2
4
4
1
1
0
0
1
0
2
0
0
1
2
1
0
1
2
1
1
1
0
3
1
0
1
1
3
2
0
2
0
1
0
2
1
1
4
0
0
0
1
0
2
0
1
4
4
0
2
0
1
1
0
1
1
2
3
3
3
3
2
0
2
1
0
0
2
3
1
0
6
1
0
0
2
1
0
1
1
1
0
3
1
0
0
1
2
1
2
3
2
2
0
2
1
1
4
2
1
4
3
1
4
1
2
2
1
0
2
2
4
3
1
2
2
0
2
0
2
3
4
1
2
3
2
5
1
1
1
2
2
3
1
1
3
1
1
1
2
3
2
1
2
0
0
4
1
3
2
0
2
1
0
1
1
0
0
0
0
0
0
1
0
1
1
1
3
3
0
0
0
0
2
0
0
3
0
0
1
1
0
0
0
0
0
1
2
1
0
0
0
0
0
0
1
1
2
1
1
2
1
0
0
0
2
0
0
0
0
0
0
1
0
0
0
0
0
1
0
0
1
0
0
0
0
0
1
0
0
0
0
0
0
0
0
0
1
0
0
0
1
0
1
1
0
1
1
0
0
0
1
0
0
1
0
3
0
0
0
0
1
2
1
0
0
1
0
1
0
0
0
0
0
1
0
1
1
0
0
0
0
0
0
1
0
0
0
1
0
0
0
0
0
0
0
0
0
0
0
0
