0
0
0
0
0
0
1
1
2
1
1
4
9
6
10
19
37
26
40
274
1654
2215
2509
2847
2788
2908
2865
2847
2868
2822
2932
2904
2839
2801
2856
2899
2866
2777
2842
2834
2886
2944
2977
2923
2837
2960
2863
2880
2919
2912
2805
2791
2767
2683
2697
2805
2706
2654
2751
2617
2588
2722
2623
2676
2720
2684
2711
2695
2738
2689
2699
2681
2715
2766
2758
2817
2743
2707
2682
2710
2728
2766
2581
2723
2699
2754
2790
2684
2785
2728
2746
2709
2740
2749
2713
2876
2727
2783
2844
2813
2933
2862
2878
3009
3008
3132
3138
3285
3328
3342
3517
3619
3655
3876
3829
3906
3855
3951
4055
3986
4239
3997
3934
3981
4055
3919
3977
3921
3887
3770
3726
3564
3666
3711
3608
3532
3474
3511
3318
3430
3284
3255
3276
3207
3077
3157
3217
3162
3068
3053
3064
3052
2875
2938
2897
2837
2784
2877
2837
2872
2772
2847
2805
2672
2735
2724
2729
2705
2808
2505
2718
2533
2557
2505
2553
2529
2552
2653
2587
2551
2575
2463
2559
2466
2476
2482
2457
2490
2474
2437
2387
2478
2411
2405
2400
2383
2431
2478
2438
2459
2471
2489
2372
2365
2446
2393
2407
2392
2394
2431
2393
2486
2395
2422
2332
2336
2388
2353
2377
2344
2346
2402
2405
2431
2423
2345
2389
2449
2439
2432
2355
2359
2433
2402
2404
2442
2371
2461
2404
2460
2430
2397
2469
2475
2381
2507
2530
2424
2468
2524
2506
2496
2471
2501
2486
2570
2501
2568
2540
2579
2559
2572
2554
2529
2574
2538
2546
2500
2409
2479
2387
2383
2371
2456
2412
2340
2338
2197
2078
2053
2066
2054
1876
1910
1805
1714
1663
1698
1489
1557
1399
1336
1303
1243
1176
1126
1117
1007
1025
976
952
838
801
821
757
750
709
692
659
689
600
554
565
498
522
489
526
468
509
461
432
460
408
368
405
374
384
379
358
341
343
312
332
345
314
331
294
350
308
320
318
332
273
311
306
332
311
359
301
313
355
326
339
376
372
398
461
505
487
489
577
618
672
710
869
887
1084
1165
1288
1440
1584
1844
1967
2248
2470
2721
3071
3326
3670
4051
4570
5055
5314
5768
6280
6676
7226
7862
8077
8670
9357
9544
9912
10491
10653
11300
11372
11667
12031
11980
11973
11961
12044
11930
11802
11625
11247
11014
10815
10368
9921
9437
8773
8390
7740
7160
6836
6154
5720
5242
4665
4251
3868
3449
3112
2625
2409
2133
1847
1562
1373
1149
994
833
748
578
497
420
342
278
256
201
149
116
108
94
75
85
60
60
37
50
51
39
32
29
37
27
38
31
31
24
26
33
40
32
19
33
28
31
25
25
23
27
21
23
32
32
36
23
26
21
25
26
31
24
23
25
30
22
19
13
22
22
26
22
26
27
28
23
24
22
23
19
26
21
21
28
20
25
19
21
26
26
24
18
26
23
21
25
32
21
21
20
21
14
19
23
20
29
23
22
17
17
16
25
21
20
12
20
24
16
30
20
19
24
18
15
17
11
16
16
12
19
18
17
22
14
19
12
17
15
15
15
16
24
17
21
24
26
13
18
19
18
13
13
10
18
18
19
20
20
9
10
13
17
10
9
19
17
12
19
14
16
13
13
11
13
16
16
10
12
18
12
14
17
12
8
9
15
21
15
14
17
11
13
15
14
9
15
12
16
7
12
10
13
12
9
13
16
13
7
10
12
16
14
12
18
11
7
13
16
12
18
10
10
10
17
12
11
9
8
7
14
8
13
9
4
6
14
9
10
10
12
6
14
7
8
7
8
4
7
12
8
10
7
11
6
10
8
8
2
5
9
7
9
10
9
7
9
5
10
9
3
5
7
4
6
5
7
8
6
8
9
11
11
7
6
8
6
5
3
9
5
8
4
5
4
7
10
5
5
4
7
6
6
5
6
4
8
11
6
6
5
6
7
7
2
5
5
9
3
5
4
6
9
12
6
9
5
4
9
6
8
6
6
8
4
10
8
4
7
11
12
5
8
7
4
5
7
6
6
9
7
4
4
4
4
9
5
6
6
5
5
11
9
3
10
7
11
2
5
5
8
7
5
4
8
4
7
1
4
5
4
2
8
2
4
1
3
1
3
2
4
2
4
3
3
4
1
4
4
2
1
1
2
2
2
0
1
3
4
3
5
1
2
0
3
1
2
2
1
0
1
3
1
0
1
5
3
5
2
0
3
1
2
3
2
2
2
3
0
0
1
2
0
0
1
0
0
0
2
0
0
0
0
1
1
0
1
1
0
1
1
0
1
1
0
2
2
1
0
0
0
1
0
0
0
0
0
0
0
1
0
1
0
0
1
0
2
0
0
0
0
0
0
1
1
0
0
0
0
0
0
0
0
0
1
1
0
0
0
0
0
1
0
1
1
2
0
0
0
0
1
1
0
0
0
0
0
0
0
0
1
2
0
0
0
1
0
1
0
0
0
1
0
0
0
0
1
1
1
1
0
0
1
0
0
0
0
0
1
0
1
1
0
0
0
0
1
0
0
0
0
0
0
1
0
0
1
0
1
0
2
0
2
1
2
0
0
1
1
1
1
1
0
1
0
0
1
0
0
0
0
